greatCircles = [[-0.461244, -0.872185, -0.162934, -9.37726, 242.128];
[-0.0311743, 0.803547, -0.594424, -36.4716, 92.2217];
[-0.716222, -0.25772, 0.648542, 40.4317, 199.79];
[0.755292, 0.399714, -0.519387, -31.2911, 27.8886]];

intersections = [[-0.803991, 0.333167, 0.492543, 29.5079, 157.491];
[0.68022, -0.465502, 0.566223, 34.4872, 325.615];
[-0.655387, 0.458691, -0.600059, -36.8741, 145.013];
[-0.44791, -0.542886, -0.710388, -45.2665, 230.476];
[0.226053, 0.584972, 0.778914, 51.1613, 68.8717];
[0.643146, -0.604502, 0.470043, 28.0371, 316.774]];